4294967278,21
4294967278,20
4294967278,19
4294967278,18
4294967278,17
4294967278,16
4294967278,15
4294967278,14
4294967278,13
4294967278,12
4294967278,11
4294967278,10
4294967278,9
4294967278,8
4294967278,7
4294967278,6
4294967278,5
4294967278,4
4294967279,132
4294967279,131
4294967279,130
4294967279,129
4294967279,128
4294967279,127
4294967279,126
4294967279,125
4294967279,124
4294967279,123
4294967279,122
4294967279,121
4294967279,120
4294967279,119
4294967279,118
4294967279,117
4294967279,116
4294967279,115
4294967279,114
4294967279,113
4294967279,112
4294967279,111
4294967279,110
4294967279,109
4294967279,108
4294967279,107
4294967279,106
4294967279,105
4294967279,0
4294967294,22
4294967294,5
4294967278,214
4294967278,361
4294967294,475
4294967294,1079
4294967294,1071
4294967294,1160
4294967278,360
4294967278,211
14,7
4294967278,209
4294967278,359
4294967279,415
9,7
4294967279,414
4294967278,208
4294967278,206
4294967278,358
4294967279,413
24,7
4294967279,412
4294967278,205
4294967279,411
4294967279,410
4294967278,203
4294967278,357
4294967279,409
4294967279,408
4294967278,202
4294967278,200
4294967278,356
4294967279,407
23,8
4294967279,406
4294967278,199
4294967279,405
4294967278,355
4294967278,195
13,7
4294967278,354
4294967278,353
4294967278,352
4294967278,192
4294967278,351
4294967278,350
4294967278,349
4294967278,348
4294967278,189
8,8
4294967278,347
4294967278,346
4294967294,395
4294967294,405
4294967294,1244
4294967294,179
4294967294,1078
4294967294,418
4294967294,168
4294967294,398
4294967294,184
4294967294,462
4294967294,386
4294967294,458
4294967294,180
4294967294,412
4294967278,345
4294967278,186
4294967278,132
4294967278,125
4294967278,123
4294967278,122
4294967278,121
4294967278,120
4294967278,119
4294967278,118
4294967278,117
4294967278,116
4294967278,115
4294967278,114
4294967278,113
4294967278,112
4294967278,111
4294967278,110
4294967278,109
4294967278,108
4294967278,107
4294967278,106
4294967278,105
4294967278,104
4294967278,103
4294967278,102
4294967278,101
4294967278,100
4294967278,99
4294967278,98
4294967278,97
4294967278,96
4294967278,95
4294967278,94
4294967278,93
4294967278,92
4294967278,91
4294967278,90
4294967278,89
4294967278,87
4294967278,86
4294967278,85
4294967278,84
4294967278,83
4294967278,82
4294967278,81
4294967278,80
4294967278,79
4294967278,78
4294967278,77
4294967278,76
4294967278,75
4294967278,74
4294967278,69
4294967278,67
4294967278,66
4294967278,64
4294967278,63
4294967278,44
4294967278,42
4294967278,41
4294967278,39
4294967278,38
4294967278,36
4294967278,35
4294967278,34
4294967278,33
4294967278,32
4294967278,31
4294967278,30
4294967278,29
4294967278,28
4294967278,27
4294967278,26
4294967278,25
4294967278,277
4294967278,24
4294967278,23
4294967278,22
4294967279,27
4294967279,25
4294967279,24
4294967279,22
4294967279,20
4294967279,19
4294967279,18
4294967279,17
4294967279,16
4294967279,15
4294967279,286
4294967279,14
4294967279,13
4294967279,12
4294967279,11
4294967279,10
4294967278,344
4294967278,73
4294967278,343
4294967278,72
4294967279,404
4294967278,71
4294967278,183
28,8
4294967278,342
4294967278,70
4294967279,403
4294967278,181
4294967278,341
4294967278,68
4294967279,402
4294967278,180
4294967279,401
4294967278,178
4294967278,340
4294967278,65
4294967279,400
27,8
4294967279,399
4294967278,177
4294967278,339
4294967278,62
4294967279,398
4294967278,338
4294967278,61
4294967278,172
4294967278,337
4294967278,60
4294967278,336
4294967278,59
4294967278,57
4294967279,397
4294967278,335
4294967278,58
4294967278,169
22,8
4294967278,334
4294967278,56
4294967294,1248
4294967294,173
4294967294,182
4294967279,396
4294967278,333
4294967278,55
4294967278,166
4294967278,332
4294967278,54
4294967278,331
4294967278,53
4294967294,390
4294967294,120
4294967279,395
4294967278,330
4294967278,52
4294967278,163
21,8
4294967278,329
4294967278,51
4294967278,50
4294967279,394
4294967278,328
4294967278,49
4294967278,160
4294967294,1245
4294967294,1067
4294967294,38
4294967294,37
4294967294,40
4294967278,327
4294967278,48
4294967294,41
4294967294,43
4294967278,326
4294967278,47
4294967294,44
4294967294,45
4294967294,415
4294967294,387
4294967294,53
4294967278,325
4294967278,46
4294967278,157
26,8
4294967278,324
4294967278,45
4294967279,393
4294967278,43
4294967278,155
4294967279,392
4294967279,391
4294967278,154
4294967279,390
4294967294,82
4294967278,40
4294967278,152
4294967279,389
19,8
4294967279,388
4294967278,151
4294967278,37
4294967279,387
4294967278,323
12,7
4294967278,322
4294967294,84
4294967294,428
4294967294,114
4294967294,88
4294967294,86
4294967294,92
4294967294,90
4294967279,386
4294967278,321
4294967278,320
4294967294,99
4294967278,319
4294967278,318
4294967278,317
20,7
4294967279,26
4294967294,388
4294967278,316
4294967279,385
4294967279,138
4294967279,23
4294967279,290
17,8
4294967279,275
4294967294,393
4294967294,424
4294967279,21
